#: table_doi: 10.17182/hepdata.72491.v1/t6
#: name: Table 6
#: description: Average transverse momentum  in proton-proton collisions at a centre-of-mass energy of 13000 GeV as a function of the number of charged particles in the event for events with the number of charged particles >=1 having transverse momentum >500 MeV and absolute(pseudorapidity) <2.5.

#: data_file: Table6.yaml
#: keyword reactions: P P --> CHARGED X
#: keyword observables: PT
#: keyword phrases: Inclusive | Proton-Proton Scattering
#: ETARAP(P=3),,,-2.5-2.5
#: N(P=3),,,>= 1
#: PT(P=3) [MEV],,,> 500
#: RE,,,P P --> CHARGED X
#: SQRTS(S) [GeV],,,13000.0
N(P=3),N(P=3) LOW,N(P=3) HIGH,MEAN(NAME=PT(P=3)) [GEV],stat +,stat -,sys +,sys -
1.0,0.5,1.5,0.7729,0.0007991,-0.0007991,0.01546,-0.01546
2.0,1.5,2.5,0.7891,0.0006522,-0.0006522,0.01579,-0.01579
3.0,2.5,3.5,0.8075,0.0006202,-0.0006202,0.008116,-0.008116
4.0,3.5,4.5,0.8269,0.0006238,-0.0006238,0.008341,-0.008341
5.0,4.5,5.5,0.8463,0.0006423,-0.0006423,0.002489,-0.002489
6.0,5.5,6.5,0.8647,0.0006667,-0.0006667,0.002601,-0.002601
7.0,6.5,7.5,0.8815,0.0006922,-0.0006922,0.002684,-0.002684
8.0,7.5,8.5,0.8967,0.0007167,-0.0007167,0.002743,-0.002743
9.0,8.5,9.5,0.9101,0.000739,-0.000739,0.002787,-0.002787
10.0,9.5,10.5,0.9222,0.0007601,-0.0007601,0.002826,-0.002826
11.0,10.5,11.5,0.9331,0.0007798,-0.0007798,0.002856,-0.002856
12.0,11.5,12.5,0.943,0.0007999,-0.0007999,0.002879,-0.002879
13.0,12.5,13.5,0.952,0.0008189,-0.0008189,0.002898,-0.002898
14.0,13.5,14.5,0.9604,0.0008386,-0.0008386,0.002913,-0.002913
15.0,14.5,15.5,0.9682,0.0008582,-0.0008582,0.002924,-0.002924
16.0,15.5,16.5,0.9755,0.0008781,-0.0008781,0.002937,-0.002937
17.0,16.5,17.5,0.9824,0.0008978,-0.0008978,0.002955,-0.002955
18.0,17.5,18.5,0.9889,0.0009167,-0.0009167,0.002977,-0.002977
19.0,18.5,19.5,0.995,0.0009374,-0.0009374,0.003001,-0.003001
20.0,19.5,20.5,1.001,0.0009567,-0.0009567,0.003023,-0.003023
21.0,20.5,21.5,1.006,0.0009788,-0.0009788,0.003045,-0.003045
22.0,21.5,22.5,1.012,0.001001,-0.001001,0.003066,-0.003066
23.0,22.5,23.5,1.017,0.001024,-0.001024,0.003084,-0.003084
24.0,23.5,24.5,1.022,0.001046,-0.001046,0.003098,-0.003098
25.0,24.5,25.5,1.026,0.00107,-0.00107,0.003109,-0.003109
26.0,25.5,26.5,1.031,0.001096,-0.001096,0.003121,-0.003121
27.0,26.5,27.5,1.035,0.001122,-0.001122,0.003135,-0.003135
28.0,27.5,28.5,1.04,0.00115,-0.00115,0.003154,-0.003154
29.0,28.5,29.5,1.044,0.001177,-0.001177,0.003173,-0.003173
30.0,29.5,30.5,1.048,0.001203,-0.001203,0.00319,-0.00319
31.0,30.5,31.5,1.052,0.001234,-0.001234,0.003199,-0.003199
32.0,31.5,32.5,1.055,0.001264,-0.001264,0.0032,-0.0032
33.0,32.5,33.5,1.059,0.001298,-0.001298,0.003196,-0.003196
34.0,33.5,34.5,1.062,0.001327,-0.001327,0.003195,-0.003195
35.0,34.5,35.5,1.066,0.001364,-0.001364,0.003199,-0.003199
36.0,35.5,36.5,1.069,0.001397,-0.001397,0.003211,-0.003211
37.0,36.5,37.5,1.072,0.001435,-0.001435,0.003229,-0.003229
38.0,37.5,38.5,1.075,0.001473,-0.001473,0.00325,-0.00325
39.0,38.5,39.5,1.079,0.001513,-0.001513,0.003269,-0.003269
40.0,39.5,40.5,1.082,0.001554,-0.001554,0.003284,-0.003284
41.0,40.5,41.5,1.085,0.001595,-0.001595,0.003294,-0.003294
42.0,41.5,42.5,1.088,0.001643,-0.001643,0.003305,-0.003305
43.0,42.5,43.5,1.091,0.001684,-0.001684,0.003313,-0.003313
44.0,43.5,44.5,1.094,0.001731,-0.001731,0.003326,-0.003326
45.0,44.5,45.5,1.097,0.001789,-0.001789,0.00334,-0.00334
46.0,45.5,46.5,1.099,0.001838,-0.001838,0.003354,-0.003354
47.0,46.5,47.5,1.102,0.001887,-0.001887,0.00337,-0.00337
48.0,47.5,48.5,1.104,0.001944,-0.001944,0.003389,-0.003389
49.0,48.5,49.5,1.107,0.002007,-0.002007,0.003404,-0.003404
50.0,49.5,50.5,1.11,0.002068,-0.002068,0.003425,-0.003425
51.0,50.5,51.5,1.112,0.002128,-0.002128,0.003448,-0.003448
52.0,51.5,52.5,1.114,0.002203,-0.002203,0.003471,-0.003471
53.0,52.5,53.5,1.117,0.002268,-0.002268,0.003491,-0.003491
54.0,53.5,54.5,1.119,0.002338,-0.002338,0.003499,-0.003499
55.0,54.5,55.5,1.122,0.002415,-0.002415,0.003508,-0.003508
56.0,55.5,56.5,1.124,0.002485,-0.002485,0.0035,-0.0035
57.0,56.5,57.5,1.126,0.002572,-0.002572,0.003495,-0.003495
58.0,57.5,58.5,1.129,0.00266,-0.00266,0.003482,-0.003482
59.0,58.5,59.5,1.131,0.002739,-0.002739,0.003475,-0.003475
60.0,59.5,60.5,1.133,0.002835,-0.002835,0.003471,-0.003471
61.48,60.5,62.5,1.136,0.002964,-0.002964,0.00348,-0.00348
63.48,62.5,64.5,1.14,0.003175,-0.003175,0.0035,-0.0035
65.48,64.5,66.5,1.144,0.003406,-0.003406,0.003534,-0.003534
67.48,66.5,68.5,1.148,0.003642,-0.003642,0.003575,-0.003575
69.48,68.5,70.5,1.152,0.003917,-0.003917,0.003641,-0.003641
71.48,70.5,72.5,1.156,0.004207,-0.004207,0.003712,-0.003712
73.48,72.5,74.5,1.161,0.004542,-0.004542,0.003788,-0.003788
75.48,74.5,76.5,1.165,0.004879,-0.004879,0.003842,-0.003842
77.48,76.5,78.5,1.169,0.005244,-0.005244,0.003885,-0.003885
79.47,78.5,80.5,1.173,0.00569,-0.00569,0.003915,-0.003915
81.48,80.5,82.5,1.177,0.006142,-0.006142,0.003917,-0.003917
83.47,82.5,84.5,1.181,0.006638,-0.006638,0.003898,-0.003898
85.47,84.5,86.5,1.185,0.007208,-0.007208,0.003884,-0.003884
87.47,86.5,88.5,1.188,0.0078,-0.0078,0.003861,-0.003861
89.47,88.5,90.5,1.191,0.008461,-0.008461,0.003872,-0.003872
92.84,90.5,95.5,1.197,0.009511,-0.009511,0.003854,-0.003854
97.83,95.5,100.5,1.203,0.01168,-0.01168,0.004135,-0.004135
104.8,100.5,110.5,1.216,0.01514,-0.01514,0.005015,-0.005015
114.8,110.5,120.5,1.241,0.02333,-0.02333,0.00417,-0.00417
124.7,120.5,130.5,1.259,0.03741,-0.03741,0.004547,-0.004547
137.4,130.5,150.5,1.263,0.06464,-0.06464,0.006475,-0.006475

